10000010 10000783 0.86
10000012 10024848 0.86
10000012 10025081 0.86
10000012 10023966 0.86
10000012 10033903 0.86
10000012 10001127 0.87
10000012 10024223 0.86
10000026 10000142 0.86
10000026 10037071 0.87
10000026 10024422 0.86
10000026 10000517 0.87
10000026 10024368 0.89
10000026 10032474 0.87
10000026 10032805 0.87
10000026 10024304 0.89
10000026 10038113 0.86
10000026 10034084 0.87
10000026 10034353 0.87
10000026 10039054 0.87
10000026 10039858 0.87
10000026 10040154 0.86
10000034 10034343 0.86
10000034 10026159 0.86
10000055 10038525 0.86
10000055 10000091 0.87
10000055 10024164 0.86
10000055 10022075 0.86
10000059 10023586 0.87
10000059 10038014 0.86
10000059 10032904 0.86
10000059 10033707 0.86
10000091 10022075 0.86
10000091 10024164 0.86
10000127 10025014 0.86
10000142 10020176 0.87
10000142 10023966 0.86
10000142 10025081 0.87
10000142 10024223 0.87
10000142 10001127 0.86
10000142 10022339 0.87
10000142 10031941 0.88
10000142 10033903 0.88
10000142 10024848 0.87
10000147 10031173 0.86
10000152 10000163 0.86
10000152 10023370 0.86
10000163 10021175 0.86
10000163 10023370 0.86
10000163 10024409 0.86
10000226 10000540 0.86
10000242 10027661 0.86
10000266 10040147 0.87
10000403 10029333 0.86
10000403 10036127 0.87
10000403 10035578 0.86
10000403 10036169 0.86
10000403 10036318 0.87
10000403 10036410 0.87
10000403 10028846 0.88
10000403 10022591 0.86
10000403 10036587 0.88
10000403 10035119 0.87
10000403 10035091 0.87
10000403 10037071 0.87
10000403 10024703 0.86
10000403 10037095 0.86
10000403 10024047 0.86
10000403 10025022 0.87
10000403 10027893 0.88
10000403 10037589 0.88
10000403 10037653 0.90
10000403 10027529 0.88
10000403 10034450 0.86
10000403 10034385 0.87
10000403 10034356 0.87
10000403 10027425 0.86
10000403 10024304 0.86
10000403 10038590 0.86
10000403 10038660 0.86
10000403 10026444 0.87
10000403 10033764 0.86
10000403 10033562 0.87
10000403 10038855 0.86
10000403 10026003 0.89
10000403 10033350 0.87
10000403 10025806 0.87
10000403 10025468 0.86
10000403 10032868 0.86
10000403 10024822 0.86
10000403 10039793 0.86
10000403 10040873 0.86
10000403 10039799 0.86
10000403 10040147 0.87
10000403 10040615 0.86
10000403 10039421 0.86
10000416 10026411 0.86
10000416 10038425 0.86
10000439 10001692 0.86
10000446 10028960 0.86
10000480 10025081 0.86
10000480 10024848 0.86
10000517 10039858 0.87
10000517 10039054 0.87
10000517 10040154 0.86
10000517 10001274 0.86
10000517 10023360 0.86
10000517 10024047 0.86
10000517 10024304 0.87
10000517 10024368 0.88
10000517 10024422 0.86
10000517 10027893 0.86
10000517 10032805 0.86
10000517 10033903 0.86
10000517 10034084 0.87
10000517 10034353 0.87
10000517 10037071 0.87
10000517 10038113 0.87
10000540 10027529 0.86
10000540 10007893 0.87
10000540 10036231 0.86
10000540 10037071 0.86
10000540 10024575 0.87
10000738 10025494 0.86
10001066 10024274 0.87
10001127 10024848 0.87
10001127 10020176 0.86
10001127 10031941 0.86
10001127 10023966 0.86
10001127 10025081 0.87
10001127 10033903 0.87
10001127 10001935 0.86
10001127 10024223 0.86
10001217 10040180 0.87
10001217 10040631 0.86
10001217 10039177 0.86
10001217 10040243 0.88
10001217 10038836 0.86
10001217 10026689 0.86
10001217 10030923 0.86
10001217 10038682 0.86
10001217 10032043 0.86
10001217 10032062 0.87
10001217 10036567 0.86
10001217 10026171 0.87
10001217 10027186 0.86
10001217 10035412 0.86
10001274 10034353 0.86
10001274 10027893 0.88
10001274 10029307 0.88
10001274 10037071 0.86
10001274 10025800 0.88
10001274 10034084 0.87
10001274 10024304 0.86
10001274 10023360 0.89
10001274 10024368 0.86
10001274 10024422 0.87
10001274 10039698 0.86
10001274 10040356 0.87
10001335 10038107 0.86
10001335 10026689 0.86
10001393 10023793 0.86
10001409 10035683 0.86
10001500 10035862 0.86
10001500 10023793 0.86
10001692 10025689 0.87
10001922 10026396 0.87
10001935 10026210 0.86
10001935 10026171 0.86
10001935 10033903 0.87
10001935 10027923 0.86
10001935 10038836 0.86
10001935 10037096 0.86
10001935 10023966 0.86
10001935 10026689 0.86
10001935 10028383 0.86
10001935 10024848 0.87
10001935 10030923 0.86
10001935 10032062 0.87
10001935 10036532 0.87
10001935 10035343 0.86
10001935 10031941 0.86
10001935 10025831 0.86
10001935 10038682 0.86
10001935 10040180 0.88
10001935 10040243 0.86
10001935 10040631 0.86
10001935 10040686 0.86
10002537 10027529 0.86
10002537 10030966 0.86
10002537 10008238 0.88
10002537 10026444 0.86
10003763 10025701 0.86
10006096 10033111 0.86
10006096 10028750 0.87
10006096 10037211 0.86
10009104 10027989 0.86
10009104 10040398 0.86
10009868 10027923 0.86
10009868 10040587 0.87
10009868 10040685 0.86
10009868 10040180 0.86
10009868 10040584 0.86
10009868 10040585 0.86
10009868 10040391 0.87
10009868 10040631 0.86
10020173 10036587 0.86
10020176 10025081 0.86
10020176 10022339 0.87
10020176 10024848 0.86
10020176 10033903 0.87
10020176 10031941 0.87
10020219 10025081 0.86
10020219 10024848 0.86
10020219 10024223 0.86
10020219 10031941 0.86
10020764 10022861 0.86
10021223 10031888 0.86
10021233 10023370 0.86
10022075 10024164 0.86
10022097 10040180 0.87
10022097 10037096 0.86
10022097 10036532 0.86
10022097 10025399 0.86
10022097 10032062 0.86
10022098 10027529 0.87
10022098 10035119 0.86
10022098 10027425 0.86
10022098 10026233 0.87
10022098 10033878 0.89
10022098 10033764 0.87
10022098 10026780 0.86
10022301 10024368 0.87
10022301 10024304 0.86
10022339 10031941 0.86
10022591 10032768 0.88
10022591 10030606 0.86
10022598 10024400 0.87
10022598 10033564 0.87
10022598 10030237 0.88
10022740 10031849 0.86
10022740 10027239 0.86
10022740 10037071 0.86
10022740 10022822 0.86
10022740 10033340 0.87
10022861 10023683 0.86
10022861 10023135 0.86
10022941 10025812 0.87
10022973 10028254 0.87
10023119 10025806 0.86
10023135 10023683 0.86
10023139 10035449 0.87
10023139 10030681 0.89
10023360 10025564 0.86
10023360 10036770 0.87
10023360 10034084 0.87
10023360 10037071 0.87
10023360 10024368 0.87
10023360 10038227 0.86
10023360 10024442 0.86
10023360 10034208 0.86
10023360 10036405 0.86
10023360 10029307 0.88
10023360 10024422 0.86
10023360 10035774 0.86
10023360 10026587 0.86
10023360 10033903 0.86
10023360 10027893 0.88
10023360 10025800 0.89
10023360 10024304 0.87
10023360 10034353 0.87
10023360 10040356 0.88
10023360 10039698 0.87
10023360 10040398 0.86
10023360 10039711 0.86
10023370 10024409 0.86
10023542 10040514 0.86
10023542 10033545 0.86
10023542 10036292 0.87
10023542 10035774 0.86
10023793 10036180 0.87
10023793 10035862 0.87
10023793 10037071 0.86
10023899 10034116 0.86
10023899 10032062 0.86
10023966 10031941 0.86
10023966 10024848 0.87
10023966 10025081 0.86
10023966 10033903 0.86
10023966 10024223 0.86
10024019 10040402 0.86
10024047 10032602 0.86
10024047 10024368 0.86
10024047 10027529 0.87
10024047 10037071 0.87
10024047 10024304 0.87
10024047 10036587 0.86
10024047 10034084 0.86
10024047 10036405 0.86
10024047 10027893 0.86
10024047 10034353 0.86
10024076 10040514 0.87
10024076 10035774 0.86
10024164 10032292 0.86
10024164 10028186 0.86
10024178 10027529 0.88
10024178 10026444 0.88
10024178 10036169 0.87
10024178 10035119 0.86
10024178 10033815 0.87
10024178 10037299 0.87
10024178 10027893 0.87
10024178 10037071 0.87
10024178 10037732 0.86
10024178 10030855 0.86
10024178 10035537 0.86
10024178 10040514 0.87
10024178 10039799 0.86
10024178 10040147 0.86
10024178 10040775 0.86
10024223 10024848 0.88
10024223 10031941 0.87
10024223 10033903 0.87
10024223 10025081 0.88
10024236 10034399 0.86
10024236 10024929 0.88
10024252 10034141 0.88
10024265 10029409 0.86
10024304 10033764 0.87
10024304 10036912 0.86
10024304 10024836 0.88
10024304 10033808 0.86
10024304 10032474 0.88
10024304 10034572 0.86
10024304 10035804 0.86
10024304 10038855 0.87
10024304 10036770 0.88
10024304 10037732 0.86
10024304 10037071 0.89
10024304 10024624 0.86
10024304 10027425 0.88
10024304 10033903 0.86
10024304 10032805 0.88
10024304 10035485 0.87
10024304 10034353 0.89
10024304 10025800 0.86
10024304 10038113 0.88
10024304 10024368 0.90
10024304 10027893 0.88
10024304 10036587 0.87
10024304 10024422 0.87
10024304 10026587 0.87
10024304 10034084 0.89
10024304 10024582 0.87
10024304 10027529 0.88
10024304 10037374 0.86
10024304 10038618 0.86
10024304 10036405 0.88
10024304 10030642 0.86
10024304 10026094 0.87
10024304 10038227 0.88
10024304 10036476 0.86
10024304 10034132 0.86
10024304 10039722 0.86
10024304 10039920 0.86
10024304 10040775 0.86
10024304 10039711 0.88
10024304 10039858 0.89
10024304 10040646 0.86
10024304 10040597 0.86
10024304 10039525 0.86
10024304 10040398 0.88
10024304 10040351 0.86
10024304 10039855 0.88
10024304 10039866 0.86
10024304 10039707 0.87
10024304 10040316 0.86
10024304 10040154 0.89
10024304 10039882 0.86
10024304 10039516 0.87
10024304 10039421 0.86
10024328 10034148 0.86
10024328 10034132 0.86
10024368 10040775 0.86
10024368 10039866 0.87
10024368 10039858 0.88
10024368 10040646 0.86
10024368 10039707 0.86
10024368 10039711 0.87
10024368 10040351 0.86
10024368 10039516 0.87
10024368 10039855 0.87
10024368 10040398 0.87
10024368 10040154 0.88
10024368 10036770 0.87
10024368 10037732 0.86
10024368 10026094 0.88
10024368 10027893 0.88
10024368 10034132 0.87
10024368 10037071 0.89
10024368 10024422 0.87
10024368 10038227 0.87
10024368 10024836 0.88
10024368 10024861 0.86
10024368 10038525 0.86
10024368 10027529 0.87
10024368 10034084 0.88
10024368 10026587 0.87
10024368 10036587 0.86
10024368 10032474 0.88
10024368 10024582 0.86
10024368 10027425 0.87
10024368 10033903 0.86
10024368 10033808 0.86
10024368 10025800 0.86
10024368 10037374 0.86
10024368 10036405 0.88
10024368 10032857 0.86
10024368 10032805 0.88
10024368 10038113 0.88
10024368 10038855 0.87
10024368 10034353 0.89
10024368 10035485 0.86
10024368 10033764 0.86
10024400 10033564 0.86
10024400 10030237 0.86
10024401 10033562 0.88
10024401 10027343 0.87
10024401 10033046 0.87
10024409 10033431 0.86
10024422 10032805 0.86
10024422 10034353 0.86
10024422 10034084 0.89
10024442 10039722 0.87
10024442 10040624 0.86
10024442 10040402 0.87
10024442 10035774 0.86
10024442 10037071 0.86
10024442 10027893 0.86
10024442 10036476 0.86
10024442 10037299 0.86
10024442 10036770 0.86
10024442 10034084 0.86
10024470 10034397 0.86
10024470 10038861 0.86
10024470 10025864 0.86
10024500 10035774 0.87
10024500 10036292 0.86
10024500 10038050 0.86
10024500 10033545 0.86
10024500 10037299 0.86
10024500 10040514 0.87
10024539 10027529 0.86
10024539 10033003 0.88
10024539 10025291 0.86
10024575 10027529 0.86
10024578 10034982 0.87
10024624 10036587 0.86
10024624 10039211 0.88
10024624 10040615 0.89
10024703 10039793 0.88
10024703 10037695 0.86
10024703 10036127 0.86
10024703 10032973 0.87
10024822 10035578 0.88
10024836 10040154 0.86
10024836 10037071 0.86
10024836 10034084 0.86
10024836 10034353 0.87
10024836 10026094 0.86
10024836 10025429 0.86
10024836 10032805 0.86
10024836 10036405 0.86
10024848 10025081 0.88
10024848 10033903 0.88
10024848 10031941 0.88
10024950 10037738 0.86
10024950 10036169 0.86
10024950 10025601 0.87
10025016 10031476 0.90
10025016 10025145 0.86
10025022 10026003 0.87
10025055 10033542 0.86
10025055 10025056 0.87
10025056 10033542 0.87
10025056 10025564 0.87
10025081 10031941 0.88
10025081 10033903 0.87
10025145 10031476 0.87
10025158 10028569 0.88
10025183 10036567 0.86
10025261 10033111 0.86
10025364 10038672 0.86
10025364 10040517 0.86
10025366 10039939 0.86
10025366 10039645 0.86
10025366 10037839 0.86
10025366 10037071 0.86
10025366 10037990 0.86
10025366 10034430 0.86
10025399 10038126 0.88
10025399 10032088 0.86
10025540 10039177 0.86
10025540 10027186 0.87
10025540 10036899 0.86
10025540 10026171 0.86
10025564 10027893 0.87
10025564 10034353 0.86
10025564 10033542 0.87
10025564 10037071 0.86
10025564 10034084 0.86
10025800 10027893 0.88
10025800 10034208 0.86
10025800 10034353 0.86
10025800 10029307 0.88
10025800 10034084 0.86
10025800 10037071 0.86
10025800 10036770 0.86
10025800 10040356 0.87
10025800 10040670 0.86
10025800 10039698 0.87
10025806 10033350 0.89
10025806 10026444 0.86
10025806 10037071 0.86
10025806 10026003 0.86
10025806 10040147 0.86
10025806 10039793 0.86
10025812 10040147 0.86
10025812 10027529 0.86
10025812 10026444 0.86
10025831 10040631 0.86
10025831 10040180 0.87
10025831 10039471 0.86
10025831 10036532 0.87
10025831 10034572 0.86
10025831 10038682 0.86
10025831 10026689 0.87
10025831 10031888 0.87
10025831 10038838 0.86
10025831 10038836 0.86
10025831 10030923 0.86
10025831 10032062 0.87
10025831 10038107 0.86
10025894 10027516 0.86
10025894 10030493 0.86
10025894 10040147 0.86
10025961 10038341 0.86
10026003 10040147 0.86
10026003 10034385 0.87
10026003 10036318 0.86
10026003 10037653 0.89
10026003 10038590 0.87
10026003 10033562 0.86
10026003 10036410 0.86
10026003 10038660 0.87
10026003 10038698 0.86
10026094 10034353 0.86
10026159 10034572 0.86
10026159 10034343 0.86
10026159 10040180 0.86
10026171 10030923 0.86
10026171 10032062 0.87
10026171 10032043 0.86
10026171 10026202 0.86
10026171 10038836 0.86
10026171 10036532 0.86
10026171 10038682 0.87
10026171 10035412 0.88
10026171 10027186 0.88
10026171 10026689 0.87
10026171 10036567 0.86
10026171 10031888 0.86
10026171 10039177 0.88
10026171 10040586 0.86
10026171 10040631 0.86
10026171 10040243 0.88
10026171 10039471 0.86
10026171 10040180 0.88
10026210 10036532 0.87
10026210 10038682 0.86
10026210 10035343 0.86
10026210 10038836 0.86
10026210 10032062 0.87
10026210 10031888 0.86
10026210 10030923 0.87
10026210 10040584 0.86
10026210 10040631 0.86
10026210 10040180 0.87
10026210 10040686 0.86
10026233 10033764 0.88
10026233 10027425 0.87
10026233 10026780 0.89
10026233 10033878 0.86
10026233 10027529 0.88
10026233 10035342 0.86
10026233 10035119 0.86
10026291 10040496 0.86
10026291 10040316 0.86
10026291 10040437 0.87
10026291 10040147 0.86
10026291 10040402 0.87
10026291 10040846 0.86
10026291 10039421 0.86
10026291 10039855 0.86
10026291 10039799 0.86
10026291 10039793 0.87
10026291 10040116 0.86
10026291 10040624 0.87
10026291 10039711 0.86
10026291 10026444 0.86
10026291 10037299 0.86
10026291 10027893 0.87
10026291 10035804 0.86
10026291 10037071 0.87
10026314 10026650 0.86
10026341 10026355 0.86
10026419 10030074 0.86
10026419 10039254 0.86
10026434 10027015 0.86
10026444 10039919 0.86
10026444 10040180 0.86
10026444 10039799 0.86
10026444 10040514 0.87
10026444 10040154 0.86
10026444 10040775 0.86
10026444 10040398 0.86
10026444 10039722 0.86
10026444 10039793 0.86
10026444 10040846 0.87
10026444 10039711 0.86
10026444 10039421 0.87
10026444 10040147 0.86
10026444 10040496 0.86
10026444 10033764 0.86
10026444 10033815 0.86
10026444 10027893 0.88
10026444 10036476 0.86
10026444 10035537 0.87
10026444 10033808 0.87
10026444 10037071 0.89
10026444 10036770 0.87
10026444 10027529 0.89
10026444 10037732 0.88
10026444 10034084 0.86
10026444 10034353 0.86
10026444 10038855 0.86
10026444 10028516 0.86
10026444 10037299 0.87
10026444 10035119 0.87
10026444 10036405 0.86
10026444 10036169 0.86
10026444 10035774 0.87
10026444 10037589 0.87
10026444 10038537 0.86
10026444 10030855 0.88
10026472 10037732 0.86
10026472 10035527 0.87
10026472 10033808 0.86
10026472 10037625 0.86
10026472 10027425 0.86
10026472 10038409 0.86
10026472 10040180 0.86
10026472 10040243 0.87
10026472 10039630 0.86
10026472 10039471 0.86
10026472 10040154 0.86
10026587 10034353 0.87
10026587 10035774 0.86
10026587 10037071 0.88
10026587 10037182 0.86
10026587 10032857 0.86
10026587 10030642 0.86
10026587 10027893 0.87
10026587 10038855 0.86
10026587 10038113 0.87
10026587 10038227 0.87
10026587 10034084 0.87
10026587 10035119 0.87
10026587 10036770 0.88
10026587 10035106 0.86
10026587 10036476 0.86
10026587 10038514 0.86
10026587 10036405 0.86
10026587 10037299 0.86
10026587 10039210 0.87
10026587 10040398 0.86
10026587 10039855 0.87
10026587 10040775 0.86
10026587 10039516 0.86
10026587 10040154 0.86
10026587 10039882 0.86
10026587 10039299 0.87
10026587 10040351 0.87
10026587 10040116 0.86
10026587 10039711 0.87
10026646 10027706 0.86
10026646 10040686 0.86
10026689 10038682 0.86
10026689 10031888 0.89
10026689 10038107 0.87
10026689 10030923 0.86
10026689 10032062 0.87
10026689 10038836 0.86
10026689 10036532 0.87
10026689 10038603 0.86
10026689 10039471 0.88
10026689 10039162 0.86
10026689 10040686 0.86
10026689 10040180 0.88
10026689 10040631 0.86
10026689 10040243 0.87
10026701 10028846 0.86
10026769 10029709 0.86
10026780 10035342 0.86
10026780 10027425 0.87
10026780 10027529 0.87
10026780 10033764 0.88
10026788 10026797 0.86
10027186 10036567 0.86
10027186 10035412 0.86
10027186 10036899 0.86
10027186 10032062 0.86
10027186 10039177 0.87
10027186 10040180 0.86
10027186 10040243 0.87
10027263 10038598 0.86
10027276 10037544 0.87
10027276 10040147 0.87
10027276 10039421 0.87
10027343 10033046 0.86
10027343 10033562 0.86
10027388 10038799 0.86
10027425 10040615 0.86
10027425 10040154 0.87
10027425 10035119 0.87
10027425 10027529 0.89
10027425 10033764 0.88
10027425 10035527 0.88
10027425 10036587 0.88
10027425 10037732 0.86
10027425 10032805 0.87
10027425 10036221 0.86
10027469 10034604 0.86
10027529 10040147 0.86
10027529 10040154 0.87
10027529 10039711 0.87
10027529 10040514 0.87
10027529 10040775 0.87
10027529 10032805 0.86
10027529 10037589 0.86
10027529 10036221 0.89
10027529 10034084 0.86
10027529 10035119 0.90
10027529 10036169 0.86
10027529 10037071 0.88
10027529 10036587 0.86
10027529 10035019 0.86
10027529 10034353 0.86
10027529 10037732 0.87
10027529 10033764 0.90
10027529 10038855 0.86
10027529 10030855 0.87
10027529 10035207 0.87
10027529 10036720 0.87
10027529 10035527 0.87
10027529 10027893 0.88
10027529 10035342 0.86
10027575 10038537 0.86
10027575 10035537 0.86
10027575 10037299 0.87
10027575 10033815 0.86
10027890 10032619 0.86
10027893 10040646 0.87
10027893 10040316 0.86
10027893 10039772 0.86
10027893 10040514 0.88
10027893 10039421 0.87
10027893 10040615 0.87
10027893 10039793 0.86
10027893 10040351 0.86
10027893 10039722 0.87
10027893 10040624 0.87
10027893 10040437 0.86
10027893 10039855 0.86
10027893 10039858 0.86
10027893 10039799 0.87
10027893 10040753 0.86
10027893 10039711 0.88
10027893 10040775 0.89
10027893 10040597 0.87
10027893 10040846 0.87
10027893 10040398 0.88
10027893 10040496 0.87
10027893 10040116 0.86
10027893 10040147 0.87
10027893 10040356 0.88
10027893 10040154 0.88
10027893 10040825 0.87
10027893 10040402 0.86
10027893 10039698 0.87
10027893 10040670 0.86
10027893 10036476 0.86
10027893 10034353 0.89
10027893 10037653 0.86
10027893 10032805 0.86
10027893 10033903 0.87
10027893 10036770 0.87
10027893 10033815 0.86
10027893 10038113 0.87
10027893 10033808 0.87
10027893 10033764 0.87
10027893 10029307 0.89
10027893 10038525 0.86
10027893 10037589 0.86
10027893 10036169 0.88
10027893 10035119 0.87
10027893 10037071 0.89
10027893 10036405 0.87
10027893 10032292 0.86
10027893 10038855 0.86
10027893 10028186 0.86
10027893 10028516 0.86
10027893 10037299 0.87
10027893 10035774 0.86
10027893 10034084 0.89
10027893 10035537 0.86
10027893 10030855 0.86
10027893 10037738 0.86
10027893 10037732 0.87
10027923 10040686 0.87
10027923 10040391 0.87
10027923 10039258 0.87
10027923 10040584 0.87
10027923 10040585 0.86
10027923 10040586 0.86
10027923 10040180 0.88
10027923 10039123 0.87
10027923 10040631 0.88
10027923 10040587 0.86
10027923 10037940 0.86
10027923 10030923 0.87
10027923 10037530 0.86
10027923 10028383 0.86
10027923 10038836 0.88
10027923 10032875 0.87
10027923 10029336 0.87
10027923 10035343 0.87
10027923 10032433 0.86
10027923 10038682 0.88
10027923 10032043 0.88
10027923 10034116 0.87
10027923 10031202 0.86
10027923 10032062 0.88
10027923 10030716 0.86
10027923 10038838 0.87
10027923 10036532 0.87
10027923 10036558 0.86
10027989 10040597 0.86
10027989 10040398 0.88
10028082 10035774 0.86
10028371 10031563 0.87
10028383 10032875 0.86
10028383 10034116 0.86
10028383 10038682 0.86
10028383 10032043 0.86
10028383 10030923 0.86
10028383 10038836 0.86
10028383 10029336 0.86
10028383 10038838 0.86
10028383 10035343 0.86
10028383 10036532 0.86
10028383 10032062 0.86
10028383 10040631 0.87
10028383 10040180 0.87
10028383 10040584 0.86
10028383 10039123 0.86
10028383 10040686 0.86
10028383 10040391 0.86
10028401 10034116 0.86
10028401 10040631 0.86
10028401 10039258 0.86
10028486 10036127 0.88
10028486 10040569 0.86
10028516 10037071 0.87
10028516 10037738 0.88
10028516 10037299 0.86
10028516 10035537 0.86
10028516 10037732 0.86
10028516 10039421 0.86
10028516 10039799 0.86
10028516 10040514 0.86
10028741 10035537 0.86
10028846 10039748 0.86
10028846 10040402 0.86
10028960 10037695 0.86
10029031 10040180 0.86
10029031 10032062 0.86
10029031 10034116 0.87
10029086 10038836 0.86
10029279 10034068 0.86
10029300 10036188 0.87
10029307 10040356 0.86
10029307 10034084 0.86
10029336 10040391 0.86
10029336 10040587 0.86
10029336 10040584 0.87
10029336 10039123 0.86
10029336 10040631 0.87
10029336 10039258 0.86
10029336 10040180 0.86
10029336 10040585 0.86
10029336 10040686 0.86
10029336 10034116 0.87
10029336 10032875 0.87
10029336 10032043 0.87
10029336 10035343 0.86
10029336 10032062 0.86
10029336 10038682 0.87
10029336 10036532 0.86
10029336 10038838 0.86
10029336 10037940 0.86
10029336 10030923 0.86
10029336 10038836 0.86
10029373 10034356 0.87
10029709 10029963 0.86
10029737 10037109 0.86
10030074 10039254 0.87
10030197 10036127 0.86
10030197 10038980 0.86
10030197 10035418 0.86
10030237 10033564 0.87
10030460 10038980 0.86
10030503 10036128 0.86
10030606 10032768 0.86
10030642 10038227 0.86
10030642 10034353 0.86
10030642 10036770 0.86
10030642 10038113 0.86
10030642 10032857 0.86
10030642 10035754 0.87
10030642 10039855 0.87
10030642 10039711 0.86
10030642 10039516 0.88
10030642 10040316 0.86
10030642 10040351 0.86
10030642 10040116 0.86
10030681 10040514 0.87
10030681 10035774 0.86
10030681 10035449 0.87
10030855 10039421 0.86
10030855 10040147 0.86
10030855 10040514 0.87
10030855 10035774 0.86
10030855 10037732 0.86
10030855 10037071 0.87
10030855 10033808 0.87
10030855 10036221 0.86
10030923 10040686 0.87
10030923 10040391 0.87
10030923 10040631 0.87
10030923 10040180 0.88
10030923 10039258 0.86
10030923 10040584 0.87
10030923 10039123 0.86
10030923 10040587 0.86
10030923 10038836 0.87
10030923 10038682 0.87
10030923 10034116 0.87
10030923 10032043 0.87
10030923 10031888 0.86
10030923 10038838 0.86
10030923 10032062 0.89
10030923 10035343 0.86
10030923 10032875 0.86
10030923 10036532 0.87
10031048 10038855 0.86
10031048 10040154 0.86
10031048 10039421 0.86
10031048 10040398 0.86
10031048 10039793 0.86
10031048 10040316 0.86
10031173 10033665 0.86
10031677 10038349 0.86
10031714 10036476 0.86
10031714 10035035 0.86
10031714 10040147 0.86
10031888 10040243 0.87
10031888 10040631 0.86
10031888 10040180 0.88
10031888 10039471 0.87
10031888 10040686 0.86
10031888 10039162 0.87
10031888 10038836 0.86
10031888 10038107 0.86
10031888 10032062 0.87
10031888 10038682 0.86
10031888 10038603 0.86
10031888 10036532 0.87
10031888 10032043 0.86
10031941 10033903 0.89
10031941 10038261 0.86
10032043 10034116 0.87
10032043 10037530 0.86
10032043 10035343 0.86
10032043 10032875 0.87
10032043 10037940 0.86
10032043 10036532 0.87
10032043 10032062 0.88
10032043 10038838 0.87
10032043 10038682 0.87
10032043 10038836 0.88
10032043 10040585 0.86
10032043 10040584 0.87
10032043 10040391 0.87
10032043 10039123 0.87
10032043 10040686 0.87
10032043 10040180 0.87
10032043 10040587 0.86
10032043 10040586 0.86
10032043 10039258 0.87
10032043 10040631 0.87
10032062 10038836 0.88
10032062 10037096 0.86
10032062 10035173 0.86
10032062 10038838 0.87
10032062 10032875 0.86
10032062 10035343 0.87
10032062 10038682 0.88
10032062 10034572 0.86
10032062 10036532 0.88
10032062 10037940 0.86
10032062 10034116 0.88
10032062 10040631 0.88
10032062 10039177 0.86
10032062 10040584 0.87
10032062 10040391 0.87
10032062 10040587 0.87
10032062 10040243 0.87
10032062 10040586 0.86
10032062 10039123 0.87
10032062 10040686 0.87
10032062 10039258 0.87
10032062 10040180 0.89
10032062 10039471 0.86
10032292 10040753 0.86
10032292 10039698 0.86
10032292 10039772 0.88
10032292 10040809 0.86
10032292 10040873 0.86
10032292 10040670 0.86
10032292 10032619 0.86
10032292 10032602 0.87
10032292 10033903 0.87
10032292 10032633 0.86
10032292 10033952 0.86
10032292 10035418 0.86
10032292 10033562 0.87
10032292 10035578 0.86
10032292 10036127 0.86
10032300 10032616 0.86
10032474 10037071 0.87
10032474 10034353 0.86
10032474 10039858 0.88
10032602 10040873 0.86
10032602 10040670 0.86
10032602 10040753 0.86
10032602 10040809 0.86
10032602 10039698 0.86
10032602 10035091 0.86
10032602 10033562 0.88
10032602 10033952 0.86
10032602 10035340 0.86
10032602 10032619 0.87
10032602 10036127 0.87
10032602 10032633 0.86
10032602 10035578 0.87
10032602 10038182 0.86
10032602 10033903 0.88
10032616 10032785 0.86
10032619 10033903 0.86
10032619 10033562 0.86
10032633 10033903 0.86
10032633 10033562 0.86
10032805 10034353 0.88
10032805 10037071 0.87
10032805 10036770 0.86
10032805 10033903 0.86
10032805 10034132 0.86
10032805 10038113 0.86
10032805 10033808 0.86
10032805 10034084 0.87
10032805 10036405 0.88
10032805 10033764 0.86
10032805 10040154 0.89
10032855 10038708 0.86
10032855 10036242 0.86
10032857 10039711 0.86
10032857 10039855 0.86
10032857 10040775 0.87
10032857 10039516 0.86
10032857 10035755 0.88
10032857 10034084 0.86
10032857 10035106 0.88
10032857 10038113 0.87
10032857 10036770 0.86
10032857 10034353 0.86
10032857 10038227 0.86
10032875 10040686 0.86
10032875 10040584 0.86
10032875 10040587 0.86
10032875 10039123 0.86
10032875 10039258 0.86
10032875 10040180 0.87
10032875 10040631 0.87
10032875 10040391 0.87
10032875 10034116 0.86
10032875 10038836 0.86
10032875 10038682 0.87
10032875 10035343 0.86
10032875 10038838 0.86
10032904 10038014 0.86
10032927 10039678 0.86
10032927 10039772 0.86
10032958 10037677 0.86
10032973 10039793 0.88
10032973 10038855 0.86
10032973 10033027 0.86
10032973 10037071 0.86
10032973 10035804 0.87
10033027 10035804 0.88
10033027 10036770 0.86
10033027 10040624 0.86
10033027 10039855 0.86
10033046 10033562 0.87
10033057 10033665 0.86
10033111 10040846 0.86
10033545 10040514 0.86
10033545 10035774 0.86
10033562 10033903 0.88
10033562 10035091 0.87
10033562 10033952 0.86
10033562 10035578 0.87
10033562 10036127 0.87
10033562 10037653 0.86
10033562 10038665 0.86
10033562 10035418 0.86
10033562 10040809 0.86
10033562 10040753 0.86
10033562 10040526 0.86
10033562 10039698 0.86
10033562 10039772 0.86
10033562 10040286 0.86
10033562 10040873 0.87
10033688 10035091 0.86
10033688 10034039 0.87
10033749 10040624 0.87
10033749 10040496 0.86
10033763 10039919 0.86
10033763 10035774 0.86
10033763 10037071 0.86
10033763 10037299 0.86
10033764 10035527 0.87
10033764 10037071 0.87
10033764 10036221 0.88
10033764 10036720 0.87
10033764 10035207 0.86
10033764 10034353 0.86
10033764 10035342 0.86
10033764 10035119 0.89
10033764 10034084 0.86
10033764 10040154 0.86
10033808 10039722 0.86
10033808 10039471 0.86
10033808 10039711 0.86
10033808 10039421 0.86
10033808 10040243 0.86
10033808 10040398 0.87
10033808 10040597 0.86
10033808 10040646 0.86
10033808 10040514 0.87
10033808 10040775 0.86
10033808 10040154 0.87
10033808 10034084 0.86
10033808 10036221 0.86
10033808 10035774 0.87
10033808 10034353 0.87
10033808 10036405 0.87
10033808 10033903 0.86
10033808 10036770 0.86
10033808 10037732 0.87
10033808 10037071 0.87
10033815 10039799 0.86
10033815 10037071 0.86
10033815 10036169 0.87
10033815 10035537 0.87
10033815 10037299 0.87
10033815 10038537 0.87
10033815 10037589 0.86
10033855 10040367 0.87
10033865 10036188 0.87
10033875 10034039 0.86
10033875 10035091 0.86
10033903 10040526 0.86
10033903 10040709 0.86
10033903 10040873 0.87
10033903 10039162 0.86
10033903 10039698 0.86
10033903 10040670 0.87
10033903 10040809 0.87
10033903 10040154 0.87
10033903 10040398 0.86
10033903 10040753 0.87
10033903 10039772 0.86
10033903 10040549 0.86
10033903 10036127 0.87
10033903 10035418 0.86
10033903 10035091 0.86
10033903 10036405 0.86
10033903 10035578 0.86
10033903 10033952 0.86
10033903 10037202 0.86
10033903 10036567 0.86
10033903 10034353 0.87
10033952 10035091 0.86
10033952 10036476 0.86
10033952 10035340 0.86
10033952 10040753 0.86
10033952 10040696 0.86
10033952 10040809 0.86
10033952 10040549 0.86
10033984 10034905 0.86
10033984 10037229 0.87
10034039 10035091 0.86
10034044 10035109 0.86
10034044 10040698 0.86
10034068 10040259 0.87
10034068 10039866 0.88
10034082 10035307 0.86
10034082 10035418 0.86
10034084 10040775 0.87
10034084 10039722 0.86
10034084 10040116 0.86
10034084 10040398 0.87
10034084 10039855 0.86
10034084 10039516 0.86
10034084 10039711 0.87
10034084 10040646 0.87
10034084 10040351 0.86
10034084 10040154 0.88
10034084 10039858 0.86
10034084 10040316 0.86
10034084 10039866 0.87
10034084 10040597 0.87
10034084 10034132 0.86
10034084 10034572 0.86
10034084 10038227 0.86
10034084 10038855 0.86
10034084 10036770 0.87
10034084 10037071 0.88
10034084 10038525 0.86
10034084 10035774 0.86
10034084 10036405 0.87
10034084 10038113 0.87
10034084 10034353 0.89
10034116 10037940 0.86
10034116 10038682 0.87
10034116 10038838 0.86
10034116 10035343 0.86
10034116 10035173 0.86
10034116 10038836 0.88
10034116 10036532 0.86
10034116 10040391 0.87
10034116 10040631 0.88
10034116 10040585 0.86
10034116 10040586 0.86
10034116 10040180 0.88
10034116 10040587 0.86
10034116 10039123 0.86
10034116 10040687 0.86
10034116 10040584 0.87
10034116 10040686 0.87
10034116 10039258 0.87
10034132 10039866 0.86
10034132 10040154 0.86
10034132 10034148 0.86
10034132 10038113 0.86
10034132 10036405 0.86
10034326 10034604 0.86
10034353 10040316 0.87
10034353 10040514 0.86
10034353 10040825 0.86
10034353 10039525 0.86
10034353 10040615 0.86
10034353 10039421 0.87
10034353 10040147 0.86
10034353 10040154 0.89
10034353 10040775 0.88
10034353 10040398 0.88
10034353 10039866 0.87
10034353 10040646 0.87
10034353 10039799 0.86
10034353 10040353 0.86
10034353 10039855 0.88
10034353 10039516 0.87
10034353 10039858 0.87
10034353 10040496 0.86
10034353 10040116 0.87
10034353 10040597 0.88
10034353 10039711 0.89
10034353 10039805 0.86
10034353 10040624 0.86
10034353 10039722 0.86
10034353 10039882 0.86
10034353 10040351 0.87
10034353 10038113 0.88
10034353 10035774 0.87
10034353 10037071 0.89
10034353 10038855 0.87
10034353 10036770 0.89
10034353 10037182 0.86
10034353 10038227 0.88
10034353 10037374 0.87
10034353 10037299 0.86
10034353 10035106 0.86
10034353 10034572 0.86
10034353 10036912 0.86
10034353 10036405 0.88
10034353 10036476 0.87
10034353 10035754 0.86
10034353 10038525 0.86
10034353 10035755 0.86
10034353 10037732 0.87
10034356 10040147 0.86
10034356 10036127 0.86
10034385 10037653 0.87
10034385 10036318 0.86
10034385 10038590 0.86
10034399 10040668 0.86
10034399 10038861 0.86
10034430 10037677 0.87
10034450 10038707 0.86
10034450 10034882 0.87
10034450 10036587 0.88
10034572 10040398 0.86
10034572 10040180 0.87
10034572 10040154 0.86
10034572 10036532 0.86
10034731 10040367 0.86
10034778 10039760 0.86
10034905 10037229 0.87
10034905 10038921 0.86
10034905 10036672 0.86
10034905 10040424 0.86
10034905 10040549 0.86
10034919 10035091 0.87
10035019 10036720 0.86
10035019 10035119 0.86
10035019 10036221 0.86
10035091 10035578 0.87
10035091 10035418 0.87
10035091 10038665 0.86
10035091 10038980 0.87
10035091 10036127 0.88
10035091 10037589 0.86
10035091 10035758 0.86
10035091 10040753 0.86
10035091 10040873 0.88
10035091 10039583 0.86
10035091 10040809 0.86
10035091 10040147 0.86
10035091 10040709 0.86
10035091 10039772 0.86
10035106 10039855 0.86
10035106 10039711 0.86
10035106 10040775 0.87
10035106 10040351 0.86
10035106 10035755 0.87
10035106 10036770 0.86
10035106 10038227 0.86
10035106 10038113 0.86
10035109 10040698 0.87
10035119 10040147 0.86
10035119 10035207 0.87
10035119 10036720 0.87
10035119 10036221 0.88
10035119 10037071 0.87
10035173 10040180 0.86
10035207 10036221 0.87
10035248 10038792 0.86
10035307 10040147 0.86
10035307 10035418 0.87
10035340 10036068 0.86
10035340 10035578 0.86
10035340 10037211 0.86
10035340 10037677 0.86
10035340 10038558 0.87
10035340 10037229 0.86
10035340 10036889 0.86
10035340 10038792 0.86
10035340 10035749 0.86
10035340 10039251 0.86
10035340 10040809 0.87
10035340 10040696 0.86
10035340 10039698 0.86
10035340 10039868 0.86
10035340 10040680 0.87
10035340 10040709 0.87
10035342 10036221 0.86
10035342 10035527 0.86
10035343 10040631 0.87
10035343 10040180 0.88
10035343 10040686 0.87
10035343 10039258 0.86
10035343 10040584 0.87
10035343 10040391 0.87
10035343 10039123 0.86
10035343 10040585 0.86
10035343 10040587 0.86
10035343 10038836 0.87
10035343 10037383 0.86
10035343 10038838 0.87
10035343 10036532 0.87
10035343 10038682 0.87
10035412 10039471 0.86
10035412 10039177 0.88
10035412 10040243 0.89
10035412 10039630 0.86
10035412 10036567 0.87
10035412 10037127 0.86
10035412 10038881 0.86
10035418 10040608 0.86
10035418 10040147 0.86
10035418 10040709 0.86
10035418 10040873 0.87
10035418 10036127 0.88
10035418 10038792 0.86
10035418 10035578 0.87
10035418 10036202 0.86
10035418 10038980 0.88
10035485 10039858 0.87
10035527 10036221 0.86
10035537 10038537 0.87
10035537 10036169 0.86
10035537 10037299 0.87
10035537 10037732 0.86
10035537 10037738 0.86
10035537 10035774 0.86
10035537 10037071 0.86
10035537 10039875 0.87
10035537 10040514 0.87
10035537 10039799 0.86
10035578 10040753 0.86
10035578 10040245 0.86
10035578 10040709 0.87
10035578 10040698 0.86
10035578 10040696 0.86
10035578 10040680 0.86
10035578 10040809 0.87
10035578 10040670 0.86
10035578 10039698 0.86
10035578 10039772 0.86
10035578 10040608 0.86
10035578 10040580 0.86
10035578 10040873 0.87
10035578 10038665 0.86
10035578 10038980 0.86
10035578 10036127 0.87
10035749 10038558 0.86
10035749 10036068 0.86
10035749 10038792 0.86
10035749 10040709 0.86
10035754 10036770 0.86
10035754 10038113 0.86
10035754 10039516 0.87
10035754 10039855 0.87
10035755 10039516 0.86
10035755 10039855 0.86
10035755 10040775 0.86
10035755 10039711 0.86
10035755 10038113 0.87
10035755 10036770 0.86
10035755 10038227 0.86
10035774 10037374 0.86
10035774 10037732 0.86
10035774 10038227 0.88
10035774 10038855 0.86
10035774 10036405 0.87
10035774 10038113 0.86
10035774 10036292 0.86
10035774 10037299 0.88
10035774 10037071 0.88
10035774 10036476 0.87
10035774 10038514 0.87
10035774 10037182 0.86
10035774 10036770 0.88
10035774 10036221 0.86
10035774 10039805 0.86
10035774 10040514 0.88
10035774 10040398 0.86
10035774 10039711 0.87
10035774 10039722 0.87
10035774 10040233 0.86
10035774 10040170 0.86
10035774 10039251 0.86
10035774 10039882 0.87
10035774 10040496 0.86
10035774 10040809 0.86
10035774 10039919 0.87
10035774 10039421 0.86
10035804 10039516 0.86
10035804 10040316 0.86
10035804 10039793 0.87
10035804 10040846 0.86
10035804 10040496 0.86
10035804 10040437 0.86
10035804 10039711 0.86
10035804 10039855 0.87
10035804 10040624 0.87
10035804 10035818 0.86
10035804 10038855 0.86
10035804 10036770 0.86
10035804 10037071 0.86
10035818 10039711 0.86
10035818 10039793 0.86
10035818 10040846 0.86
10035818 10040624 0.86
10035818 10040496 0.86
10035818 10037299 0.86
10035818 10038227 0.86
10035818 10037071 0.86
10035818 10038488 0.86
10035862 10036180 0.86
10035883 10038792 0.86
10035971 10038792 0.86
10035971 10037211 0.86
10036021 10037396 0.88
10036021 10037348 0.86
10036059 10036587 0.86
10036068 10040538 0.86
10036068 10039251 0.86
10036068 10038558 0.87
10036127 10037681 0.86
10036127 10036202 0.86
10036127 10038980 0.87
10036127 10037589 0.86
10036127 10038665 0.86
10036127 10036156 0.86
10036127 10039772 0.86
10036127 10040709 0.86
10036127 10040753 0.86
10036127 10040147 0.86
10036127 10040809 0.86
10036127 10040608 0.86
10036127 10040662 0.86
10036127 10040301 0.86
10036127 10040873 0.88
10036127 10040569 0.87
10036127 10040680 0.86
10036127 10040670 0.86
10036127 10040245 0.86
10036128 10039254 0.86
10036128 10038555 0.86
10036136 10040680 0.86
10036169 10038537 0.86
10036169 10037299 0.86
10036169 10037071 0.86
10036169 10037732 0.87
10036169 10037738 0.87
10036169 10039799 0.88
10036169 10039421 0.86
10036169 10040775 0.86
10036169 10040514 0.87
10036180 10039882 0.86
10036180 10040398 0.86
10036180 10036476 0.86
10036180 10037071 0.86
10036180 10037299 0.86
10036180 10036770 0.86
10036203 10040147 0.86
10036221 10036720 0.87
10036221 10040514 0.87
10036292 10040514 0.86
10036311 10039258 0.86
10036311 10040631 0.86
10036311 10038836 0.86
10036318 10038698 0.86
10036318 10036410 0.87
10036405 10039855 0.86
10036405 10039858 0.86
10036405 10039711 0.87
10036405 10040353 0.86
10036405 10040514 0.86
10036405 10040398 0.87
10036405 10040597 0.86
10036405 10039421 0.86
10036405 10039211 0.86
10036405 10040154 0.89
10036405 10036770 0.88
10036405 10038855 0.86
10036405 10036476 0.86
10036405 10038113 0.87
10036405 10037732 0.87
10036405 10038227 0.86
10036405 10037071 0.88
10036410 10038698 0.87
10036471 10037857 0.86
10036471 10038212 0.86
10036471 10040267 0.86
10036476 10037589 0.86
10036476 10037299 0.87
10036476 10037071 0.88
10036476 10038514 0.86
10036476 10038227 0.86
10036476 10037732 0.86
10036476 10038855 0.87
10036476 10036770 0.88
10036476 10040154 0.86
10036476 10039165 0.86
10036476 10039711 0.86
10036476 10039722 0.86
10036476 10039882 0.87
10036476 10040624 0.86
10036476 10039855 0.86
10036476 10040398 0.86
10036476 10039421 0.87
10036476 10039516 0.86
10036476 10040337 0.86
10036476 10040116 0.86
10036476 10040147 0.87
10036476 10040351 0.86
10036476 10040316 0.86
10036476 10040514 0.86
10036476 10040496 0.86
10036481 10040680 0.86
10036532 10038836 0.87
10036532 10038682 0.87
10036532 10037096 0.86
10036532 10038603 0.86
10036532 10038838 0.87
10036532 10040584 0.86
10036532 10039471 0.86
10036532 10040391 0.86
10036532 10040243 0.86
10036532 10040180 0.88
10036532 10039258 0.86
10036532 10040631 0.87
10036532 10040686 0.87
10036567 10039630 0.86
10036567 10040642 0.86
10036567 10039177 0.86
10036567 10040243 0.88
10036567 10038129 0.87
10036587 10040154 0.86
10036587 10039211 0.87
10036587 10040615 0.86
10036587 10040043 0.87
10036587 10038323 0.87
10036587 10038456 0.86
10036587 10038618 0.88
10036647 10039681 0.87
10036664 10038227 0.87
10036664 10039711 0.87
10036672 10036770 0.86
10036672 10037229 0.87
10036672 10039698 0.86
10036672 10040424 0.87
10036672 10040549 0.87
10036743 10039251 0.86
10036770 10039165 0.86
10036770 10040424 0.86
10036770 10040116 0.87
10036770 10040549 0.86
10036770 10040775 0.86
10036770 10040624 0.87
10036770 10040496 0.87
10036770 10039805 0.86
10036770 10039525 0.86
10036770 10039882 0.88
10036770 10040846 0.86
10036770 10040597 0.87
10036770 10040147 0.86
10036770 10040398 0.88
10036770 10040514 0.87
10036770 10040437 0.86
10036770 10040825 0.86
10036770 10040316 0.87
10036770 10040351 0.87
10036770 10039855 0.88
10036770 10039919 0.86
10036770 10040154 0.87
10036770 10039711 0.88
10036770 10039421 0.88
10036770 10039722 0.87
10036770 10039516 0.87
10036770 10040337 0.87
10036770 10040170 0.86
10036770 10040668 0.86
10036770 10037071 0.89
10036770 10038113 0.88
10036770 10038855 0.87
10036770 10036912 0.86
10036770 10037182 0.86
10036770 10037229 0.86
10036770 10037299 0.88
10036770 10037828 0.86
10036770 10037374 0.87
10036770 10038514 0.87
10036770 10037732 0.86
10036770 10038227 0.88
10036823 10039711 0.86
10036823 10038227 0.86
10036889 10040809 0.86
10036889 10039698 0.86
10036889 10040670 0.86
10036889 10037229 0.86
10036889 10037211 0.86
10036899 10039177 0.86
10036912 10037071 0.86
10036912 10038227 0.86
10036912 10038855 0.86
10036912 10039711 0.87
10036912 10039516 0.86
10036912 10039855 0.87
10036973 10038792 0.86
10036973 10037211 0.87
10037071 10038855 0.88
10037071 10037589 0.87
10037071 10037738 0.87
10037071 10038113 0.86
10037071 10037732 0.88
10037071 10037299 0.88
10037071 10037653 0.86
10037071 10038227 0.87
10037071 10040825 0.86
10037071 10040147 0.88
10037071 10039858 0.88
10037071 10040398 0.87
10037071 10039722 0.87
10037071 10039421 0.88
10037071 10039855 0.87
10037071 10039919 0.86
10037071 10040337 0.86
10037071 10039882 0.87
10037071 10040316 0.86
10037071 10039210 0.86
10037071 10040402 0.86
10037071 10039165 0.86
10037071 10040351 0.86
10037071 10040116 0.86
10037071 10040496 0.87
10037071 10040775 0.87
10037071 10039711 0.88
10037071 10039516 0.86
10037071 10040624 0.87
10037071 10040154 0.89
10037071 10040846 0.86
10037071 10040437 0.86
10037071 10040514 0.88
10037071 10040597 0.86
10037071 10039799 0.87
10037071 10039793 0.87
10037096 10040180 0.87
10037182 10038227 0.87
10037182 10037299 0.86
10037182 10038514 0.87
10037182 10038113 0.86
10037182 10040351 0.86
10037182 10039711 0.87
10037182 10039516 0.86
10037182 10039855 0.86
10037211 10037229 0.86
10037211 10038792 0.87
10037211 10040670 0.86
10037211 10040753 0.86
10037211 10039698 0.86
10037211 10040809 0.86
10037211 10039868 0.86
10037229 10040670 0.86
10037229 10039698 0.86
10037229 10040549 0.88
10037229 10039868 0.86
10037229 10040809 0.86
10037229 10040424 0.87
10037299 10037732 0.86
10037299 10038537 0.86
10037299 10038227 0.88
10037299 10037738 0.86
10037299 10038514 0.87
10037299 10037374 0.86
10037299 10037589 0.86
10037299 10040624 0.88
10037299 10040615 0.86
10037299 10039919 0.86
10037299 10040398 0.86
10037299 10040337 0.88
10037299 10040233 0.87
10037299 10039793 0.86
10037299 10039855 0.87
10037299 10039516 0.86
10037299 10039722 0.87
10037299 10040851 0.87
10037299 10040437 0.86
10037299 10039799 0.86
10037299 10039729 0.86
10037299 10040668 0.86
10037299 10040825 0.88
10037299 10040170 0.87
10037299 10040597 0.86
10037299 10039711 0.89
10037299 10039882 0.87
10037299 10040775 0.87
10037299 10040846 0.88
10037299 10040514 0.86
10037299 10040496 0.88
10037299 10040402 0.86
10037299 10040116 0.86
10037299 10039805 0.86
10037299 10039165 0.86
10037318 10037364 0.86
10037318 10037321 0.87
10037321 10037665 0.86
10037321 10037364 0.86
10037321 10039868 0.86
10037348 10038540 0.86
10037348 10037396 0.86
10037364 10037665 0.86
10037364 10038558 0.86
10037364 10039868 0.87
10037364 10040680 0.86
10037374 10040170 0.86
10037374 10040154 0.86
10037374 10039711 0.88
10037374 10039805 0.87
10037374 10038113 0.86
10037374 10038227 0.88
10037374 10038409 0.86
10037383 10039123 0.86
10037383 10040686 0.86
10037383 10040391 0.86
10037383 10040631 0.86
10037396 10038540 0.86
10037530 10040180 0.86
10037530 10038838 0.86
10037530 10038836 0.86
10037544 10039421 0.87
10037544 10040147 0.89
10037589 10040624 0.86
10037589 10039882 0.86
10037589 10039421 0.86
10037589 10040147 0.87
10037589 10040275 0.87
10037589 10039799 0.86
10037589 10039793 0.87
10037589 10038855 0.86
10037653 10038660 0.86
10037653 10038590 0.86
10037653 10040147 0.86
10037665 10040809 0.86
10037665 10039868 0.87
10037665 10040670 0.86
10037695 10039420 0.87
10037732 10037738 0.87
10037732 10037791 0.87
10037732 10039421 0.88
10037732 10040496 0.86
10037732 10040154 0.88
10037732 10040514 0.88
10037732 10040398 0.87
10037732 10040846 0.86
10037732 10039711 0.87
10037732 10039211 0.86
10037732 10040775 0.86
10037732 10039875 0.86
10037732 10039799 0.87
10037732 10039793 0.86
10037732 10040615 0.86
10037732 10040243 0.86
10037732 10040147 0.86
10037738 10039421 0.87
10037738 10040514 0.87
10037738 10039799 0.87
10037828 10038855 0.86
10037828 10040316 0.87
10037828 10040597 0.86
10037828 10040398 0.87
10037828 10040402 0.86
10037857 10038212 0.86
10037857 10040267 0.86
10037933 10037990 0.86
10037940 10040180 0.86
10037940 10040686 0.86
10037940 10040584 0.86
10037940 10040391 0.86
10037940 10040631 0.86
10037940 10038682 0.87
10037940 10038836 0.86
10037990 10038935 0.86
10037990 10039939 0.86
10038011 10040147 0.86
10038107 10039471 0.86
10038113 10038525 0.86
10038113 10038227 0.88
10038113 10038409 0.86
10038113 10040646 0.86
10038113 10040116 0.86
10038113 10040597 0.86
10038113 10040775 0.87
10038113 10039882 0.86
10038113 10039855 0.87
10038113 10040398 0.87
10038113 10039858 0.86
10038113 10040170 0.86
10038113 10039866 0.88
10038113 10040351 0.86
10038113 10039054 0.86
10038113 10039516 0.87
10038113 10039711 0.88
10038113 10040154 0.87
10038125 10040565 0.86
10038126 10038244 0.86
10038212 10040267 0.86
10038227 10039805 0.88
10038227 10039722 0.86
10038227 10039711 0.90
10038227 10040624 0.86
10038227 10040320 0.86
10038227 10040496 0.87
10038227 10039882 0.87
10038227 10040337 0.87
10038227 10039525 0.86
10038227 10040154 0.87
10038227 10039855 0.88
10038227 10040351 0.86
10038227 10040116 0.86
10038227 10040398 0.87
10038227 10040775 0.86
10038227 10040825 0.87
10038227 10040233 0.86
10038227 10040597 0.86
10038227 10040170 0.87
10038227 10039516 0.87
10038227 10038514 0.87
10038227 10038311 0.86
10038227 10038855 0.86
10038244 10039211 0.86
10038305 10039162 0.86
10038311 10039711 0.86
10038349 10038558 0.86
10038409 10040398 0.86
10038409 10040243 0.87
10038409 10040180 0.86
10038409 10040170 0.86
10038409 10039471 0.87
10038473 10040775 0.86
10038488 10039672 0.86
10038514 10039855 0.86
10038514 10040496 0.86
10038514 10040170 0.86
10038514 10040337 0.87
10038514 10040624 0.86
10038514 10039711 0.87
10038514 10040351 0.86
10038514 10039882 0.86
10038537 10039799 0.86
10038537 10039875 0.86
10038555 10039254 0.86
10038558 10038792 0.86
10038558 10040680 0.86
10038558 10040709 0.86
10038558 10040456 0.86
10038558 10040244 0.86
10038558 10040809 0.86
10038558 10040538 0.86
10038558 10040696 0.86
10038558 10039251 0.87
10038558 10039868 0.86
10038590 10038660 0.86
10038603 10040180 0.86
10038618 10040398 0.86
10038618 10039211 0.87
10038666 10040180 0.86
10038682 10039123 0.86
10038682 10040687 0.86
10038682 10040391 0.88
10038682 10040587 0.87
10038682 10040243 0.86
10038682 10039177 0.86
10038682 10039258 0.87
10038682 10040585 0.86
10038682 10040180 0.88
10038682 10040686 0.87
10038682 10040584 0.88
10038682 10040532 0.86
10038682 10040631 0.88
10038682 10040586 0.87
10038682 10038838 0.86
10038682 10038836 0.88
10038708 10039211 0.86
10038708 10040615 0.86
10038792 10039289 0.86
10038792 10040709 0.86
10038792 10040670 0.87
10038792 10039698 0.87
10038792 10040753 0.86
10038792 10040754 0.86
10038792 10039836 0.86
10038792 10040680 0.86
10038792 10040696 0.87
10038792 10039946 0.86
10038792 10040549 0.86
10038792 10040809 0.87
10038792 10039251 0.86
10038792 10040385 0.86
10038792 10039868 0.86
10038836 10040585 0.86
10038836 10039177 0.86
10038836 10040180 0.88
10038836 10039258 0.88
10038836 10040532 0.86
10038836 10039123 0.87
10038836 10040686 0.87
10038836 10040587 0.87
10038836 10040631 0.88
10038836 10039181 0.86
10038836 10040391 0.87
10038836 10040687 0.86
10038836 10040243 0.86
10038836 10040584 0.87
10038836 10040586 0.87
10038836 10038838 0.87
10038838 10040686 0.87
10038838 10040180 0.87
10038838 10039258 0.86
10038838 10039123 0.86
10038838 10040584 0.86
10038838 10040631 0.87
10038852 10039495 0.86
10038852 10039256 0.86
10038852 10040680 0.86
10038855 10040597 0.86
10038855 10040316 0.87
10038855 10040531 0.87
10038855 10039516 0.86
10038855 10039711 0.86
10038855 10040351 0.86
10038855 10040398 0.87
10038855 10039421 0.86
10038855 10039855 0.87
10038855 10040154 0.87
10038855 10039882 0.87
10038855 10040147 0.87
10038855 10039793 0.86
10038855 10039722 0.86
10038861 10039760 0.86
10038881 10040243 0.86
10038974 10038994 0.86
10038980 10040608 0.86
10038980 10040873 0.86
10038980 10039571 0.86
10038980 10039560 0.86
10038980 10040245 0.86
10039028 10039162 0.86
10039123 10039258 0.86
10039123 10040584 0.86
10039123 10040391 0.86
10039123 10040686 0.87
10039123 10040180 0.87
10039123 10040631 0.87
10039165 10039882 0.86
10039165 10039722 0.86
10039165 10039793 0.86
10039165 10040402 0.86
10039165 10040496 0.86
10039165 10040624 0.86
10039177 10040631 0.86
10039177 10039630 0.86
10039177 10040586 0.86
10039177 10040180 0.86
10039177 10040243 0.87
10039181 10039258 0.86
10039181 10040631 0.86
10039210 10039299 0.86
10039211 10040597 0.86
10039211 10039471 0.86
10039211 10040398 0.87
10039211 10040154 0.86
10039211 10040615 0.88
10039211 10039711 0.86
10039211 10040243 0.86
10039251 10039256 0.86
10039251 10040538 0.86
10039251 10040698 0.86
10039251 10039933 0.86
10039251 10039495 0.86
10039251 10040809 0.87
10039251 10040696 0.86
10039251 10040244 0.86
10039251 10040456 0.86
10039251 10040753 0.86
10039251 10039868 0.86
10039256 10039495 0.86
10039258 10040391 0.87
10039258 10040180 0.87
10039258 10040631 0.88
10039258 10040587 0.86
10039258 10040586 0.86
10039258 10040686 0.86
10039258 10040584 0.86
10039289 10039836 0.86
10039421 10039711 0.86
10039421 10039722 0.86
10039421 10040624 0.86
10039421 10039793 0.86
10039421 10039799 0.88
10039421 10039855 0.86
10039421 10039882 0.87
10039421 10040514 0.87
10039421 10040496 0.86
10039421 10040437 0.86
10039421 10040147 0.88
10039421 10040154 0.87
10039421 10040398 0.86
10039421 10040316 0.86
10039429 10040337 0.86
10039471 10040243 0.88
10039471 10040180 0.87
10039471 10039630 0.86
10039471 10040398 0.86
10039471 10040646 0.86
10039471 10040154 0.86
10039495 10040058 0.87
10039495 10040023 0.86
10039516 10039711 0.87
10039516 10040351 0.87
10039516 10040337 0.86
10039516 10040398 0.86
10039516 10039882 0.86
10039516 10039855 0.89
10039516 10040316 0.86
10039516 10040624 0.86
10039516 10040116 0.86
10039525 10040597 0.86
10039525 10039711 0.87
10039525 10040398 0.86
10039525 10040646 0.86
10039525 10040154 0.86
10039560 10040245 0.87
10039605 10040180 0.86
10039630 10040243 0.87
10039678 10039772 0.86
10039678 10039777 0.86
10039698 10040549 0.87
10039698 10039772 0.86
10039698 10039868 0.87
10039698 10040670 0.88
10039698 10040696 0.86
10039698 10040356 0.86
10039698 10040809 0.87
10039698 10040267 0.86
10039698 10040753 0.87
10039698 10040420 0.86
10039698 10040424 0.86
10039711 10040496 0.88
10039711 10040116 0.86
10039711 10040437 0.86
10039711 10040624 0.88
10039711 10039722 0.87
10039711 10039882 0.87
10039711 10039805 0.88
10039711 10040597 0.87
10039711 10040233 0.86
10039711 10039799 0.86
10039711 10040646 0.86
10039711 10040615 0.87
10039711 10040337 0.87
10039711 10040545 0.86
10039711 10040670 0.86
10039711 10040753 0.86
10039711 10040514 0.86
10039711 10040809 0.86
10039711 10040154 0.88
10039711 10039866 0.86
10039711 10040351 0.86
10039711 10039855 0.88
10039711 10040825 0.88
10039711 10040170 0.87
10039711 10040398 0.88
10039711 10040320 0.86
10039711 10040668 0.86
10039711 10040846 0.88
10039711 10040316 0.86
10039711 10040775 0.88
10039722 10040398 0.87
10039722 10039882 0.86
10039722 10040402 0.87
10039722 10040597 0.86
10039722 10040154 0.86
10039722 10040825 0.86
10039722 10039855 0.86
10039722 10040496 0.86
10039722 10039919 0.86
10039722 10040624 0.87
10039729 10040337 0.86
10039742 10040456 0.86
10039742 10040538 0.86
10039742 10040680 0.86
10039754 10040267 0.86
10039772 10040753 0.86
10039772 10039777 0.86
10039772 10040670 0.86
10039772 10040356 0.86
10039793 10040496 0.86
10039793 10039882 0.86
10039793 10039855 0.86
10039793 10040437 0.86
10039793 10040624 0.87
10039793 10039799 0.86
10039793 10040147 0.87
10039793 10040402 0.87
10039793 10040846 0.86
10039793 10040316 0.86
10039799 10040624 0.86
10039799 10040514 0.87
10039799 10040147 0.86
10039799 10040846 0.86
10039799 10040775 0.86
10039799 10039882 0.86
10039805 10040170 0.86
10039836 10040301 0.86
10039855 10040351 0.87
10039855 10040825 0.86
10039855 10040565 0.86
10039855 10040154 0.87
10039855 10039882 0.87
10039855 10040775 0.86
10039855 10040398 0.86
10039855 10039858 0.86
10039855 10040316 0.87
10039855 10040116 0.87
10039855 10039866 0.86
10039855 10040846 0.86
10039855 10040496 0.86
10039855 10040337 0.87
10039855 10040437 0.86
10039855 10040624 0.87
10039855 10040240 0.86
10039858 10040154 0.87
10039866 10040259 0.86
10039866 10040597 0.86
10039866 10040646 0.86
10039866 10040398 0.86
10039866 10040154 0.87
10039868 10040538 0.86
10039868 10040696 0.86
10039868 10040753 0.86
10039868 10040549 0.86
10039868 10040680 0.87
10039868 10040456 0.86
10039868 10040670 0.86
10039868 10040809 0.86
10039868 10040097 0.86
10039868 10040709 0.86
10039882 10040351 0.87
10039882 10040624 0.87
10039882 10040437 0.86
10039882 10040116 0.86
10039882 10040316 0.86
10039882 10040597 0.86
10039882 10040233 0.86
10039882 10040496 0.86
10039882 10040337 0.87
10039882 10040398 0.87
10039882 10040147 0.86
10039882 10040170 0.86
10039882 10040154 0.86
10039882 10040825 0.86
10039919 10040514 0.86
10039933 10040244 0.86
10039933 10040709 0.86
10039985 10040312 0.86
10040023 10040680 0.86
10040023 10040058 0.86
10040052 10040312 0.86
10040058 10040680 0.86
10040058 10040456 0.86
10040084 10040312 0.86
10040097 10040696 0.86
10040097 10040809 0.86
10040097 10040680 0.86
10040116 10040398 0.86
10040116 10040316 0.87
10040116 10040351 0.87
10040116 10040624 0.86
10040116 10040437 0.87
10040116 10040337 0.86
10040147 10040437 0.86
10040147 10040873 0.86
10040147 10040514 0.87
10040147 10040398 0.86
10040147 10040154 0.86
10040147 10040846 0.86
10040147 10040624 0.86
10040154 10040243 0.86
10040154 10040316 0.86
10040154 10040615 0.87
10040154 10040180 0.86
10040154 10040646 0.87
10040154 10040398 0.88
10040154 10040775 0.87
10040154 10040514 0.86
10040154 10040597 0.87
10040154 10040353 0.87
10040170 10040496 0.86
10040170 10040337 0.86
10040170 10040243 0.86
10040170 10040233 0.86
10040170 10040624 0.86
10040180 10040586 0.87
10040180 10040587 0.87
10040180 10040243 0.88
10040180 10040687 0.86
10040180 10040585 0.86
10040180 10040391 0.88
10040180 10040532 0.86
10040180 10040584 0.87
10040180 10040631 0.88
10040180 10040686 0.88
10040233 10040624 0.86
10040233 10040496 0.86
10040233 10040337 0.87
10040240 10040565 0.87
10040243 10040631 0.86
10040243 10040646 0.86
10040243 10040583 0.86
10040243 10040586 0.86
10040243 10040398 0.86
10040244 10040302 0.86
10040244 10040709 0.86
10040244 10040456 0.87
10040244 10040538 0.87
10040244 10040680 0.86
10040245 10040301 0.86
10040267 10040385 0.86
10040267 10040753 0.86
10040267 10040670 0.86
10040267 10040809 0.86
10040288 10040549 0.86
10040288 10040753 0.86
10040288 10040809 0.86
10040288 10040670 0.86
10040302 10040709 0.86
10040312 10040385 0.87
10040316 10040351 0.87
10040316 10040402 0.86
10040316 10040646 0.86
10040316 10040398 0.87
10040316 10040624 0.86
10040316 10040597 0.87
10040316 10040437 0.86
10040332 10040549 0.86
10040332 10040809 0.86
10040332 10040670 0.86
10040332 10040385 0.86
10040332 10040753 0.86
10040337 10040846 0.86
10040337 10040496 0.87
10040337 10040825 0.86
10040337 10040437 0.87
10040337 10040398 0.86
10040337 10040624 0.88
10040351 10040775 0.86
10040351 10040398 0.86
10040351 10040624 0.86
10040351 10040437 0.86
10040385 10040549 0.86
10040385 10040670 0.86
10040385 10040680 0.86
10040385 10040753 0.86
10040385 10040809 0.86
10040385 10040754 0.86
10040385 10040864 0.86
10040389 10040753 0.86
10040389 10040670 0.86
10040391 10040686 0.87
10040391 10040585 0.87
10040391 10040687 0.86
10040391 10040586 0.86
10040391 10040587 0.88
10040391 10040631 0.88
10040391 10040584 0.88
10040398 10040846 0.86
10040398 10040646 0.88
10040398 10040624 0.87
10040398 10040668 0.87
10040398 10040597 0.89
10040398 10040615 0.88
10040398 10040775 0.86
10040398 10040514 0.86
10040398 10040825 0.87
10040398 10040496 0.86
10040398 10040437 0.86
10040402 10040825 0.86
10040402 10040496 0.86
10040402 10040437 0.86
10040402 10040624 0.87
10040420 10040670 0.86
10040420 10040753 0.86
10040424 10040549 0.88
10040424 10040753 0.86
10040424 10040670 0.86
10040424 10040809 0.86
10040437 10040825 0.86
10040437 10040624 0.87
10040437 10040775 0.86
10040437 10040846 0.86
10040437 10040496 0.88
10040445 10040809 0.86
10040445 10040538 0.86
10040445 10040680 0.87
10040445 10040456 0.86
10040445 10040754 0.86
10040445 10040709 0.86
10040452 10040809 0.86
10040452 10040696 0.86
10040452 10040456 0.86
10040452 10040670 0.86
10040452 10040680 0.86
10040452 10040538 0.86
10040456 10040670 0.86
10040456 10040680 0.87
10040456 10040580 0.86
10040456 10040549 0.86
10040456 10040538 0.88
10040456 10040809 0.87
10040456 10040619 0.87
10040456 10040709 0.86
10040456 10040698 0.86
10040495 10040809 0.86
10040495 10040753 0.86
10040495 10040670 0.86
10040496 10040825 0.87
10040496 10040846 0.87
10040496 10040624 0.89
10040496 10040775 0.86
10040514 10040775 0.86
10040514 10040597 0.86
10040514 10040809 0.87
10040517 10040873 0.86
10040526 10040809 0.86
10040526 10040753 0.86
10040526 10040873 0.86
10040532 10040587 0.86
10040532 10040631 0.86
10040532 10040584 0.86
10040532 10040686 0.86
10040532 10040586 0.86
10040533 10040586 0.86
10040538 10040709 0.86
10040538 10040754 0.86
10040538 10040680 0.87
10040538 10040696 0.86
10040538 10040670 0.86
10040538 10040809 0.87
10040538 10040619 0.87
10040538 10040549 0.86
10040549 10040619 0.86
10040549 10040709 0.86
10040549 10040754 0.86
10040549 10040696 0.86
10040549 10040680 0.86
10040549 10040753 0.87
10040549 10040670 0.87
10040549 10040809 0.87
10040580 10040640 0.86
10040580 10040709 0.87
10040580 10040670 0.87
10040580 10040696 0.87
10040580 10040619 0.87
10040580 10040698 0.86
10040580 10040754 0.86
10040580 10040809 0.87
10040580 10040776 0.86
10040580 10040753 0.87
10040580 10040680 0.87
10040580 10040873 0.86
10040584 10040586 0.88
10040584 10040631 0.88
10040584 10040687 0.87
10040584 10040685 0.86
10040584 10040587 0.88
10040584 10040688 0.86
10040584 10040585 0.87
10040584 10040686 0.87
10040585 10040587 0.87
10040585 10040686 0.86
10040585 10040631 0.87
10040585 10040687 0.86
10040585 10040586 0.86
10040586 10040631 0.88
10040586 10040685 0.86
10040586 10040688 0.86
10040586 10040587 0.88
10040586 10040687 0.87
10040586 10040686 0.87
10040587 10040688 0.86
10040587 10040687 0.87
10040587 10040631 0.88
10040587 10040686 0.87
10040587 10040685 0.86
10040597 10040775 0.86
10040597 10040825 0.87
10040597 10040615 0.87
10040597 10040624 0.87
10040597 10040708 0.86
10040597 10040646 0.89
10040608 10040709 0.86
10040608 10040873 0.86
10040608 10040662 0.86
10040615 10040846 0.86
10040615 10040825 0.86
10040615 10040646 0.86
10040615 10040775 0.87
10040619 10040754 0.86
10040619 10040709 0.87
10040619 10040680 0.87
10040619 10040640 0.86
10040619 10040809 0.87
10040619 10040698 0.86
10040619 10040662 0.86
10040619 10040670 0.87
10040619 10040696 0.87
10040619 10040753 0.86
10040624 10040846 0.88
10040624 10040825 0.87
10040624 10040668 0.86
10040624 10040775 0.86
10040631 10040686 0.88
10040631 10040687 0.87
10040640 10040696 0.86
10040640 10040662 0.86
10040640 10040709 0.86
10040640 10040873 0.86
10040640 10040809 0.86
10040640 10040680 0.86
10040646 10040775 0.86
10040662 10040754 0.86
10040662 10040709 0.86
10040662 10040680 0.87
10040662 10040670 0.86
10040662 10040809 0.86
10040662 10040873 0.86
10040662 10040696 0.86
10040662 10040753 0.86
10040668 10040689 0.86
10040668 10040846 0.86
10040670 10040698 0.87
10040670 10040811 0.87
10040670 10040864 0.87
10040670 10040740 0.87
10040670 10040873 0.87
10040670 10040776 0.87
10040670 10040696 0.88
10040670 10040709 0.87
10040670 10040754 0.87
10040670 10040753 0.89
10040670 10040680 0.88
10040670 10040809 0.89
10040680 10040845 0.86
10040680 10040864 0.86
10040680 10040709 0.88
10040680 10040873 0.87
10040680 10040740 0.86
10040680 10040754 0.87
10040680 10040809 0.88
10040680 10040753 0.87
10040680 10040867 0.86
10040680 10040696 0.88
10040680 10040808 0.86
10040680 10040698 0.87
10040680 10040776 0.87
10040680 10040833 0.86
10040686 10040687 0.87
10040687 10040688 0.86
10040696 10040776 0.87
10040696 10040808 0.86
10040696 10040698 0.87
10040696 10040809 0.88
10040696 10040873 0.87
10040696 10040833 0.86
10040696 10040811 0.86
10040696 10040753 0.88
10040696 10040754 0.87
10040696 10040864 0.86
10040696 10040845 0.86
10040696 10040709 0.88
10040696 10040740 0.86
10040698 10040873 0.87
10040698 10040740 0.86
10040698 10040753 0.87
10040698 10040776 0.86
10040698 10040709 0.87
10040698 10040754 0.86
10040698 10040809 0.88
10040709 10040776 0.86
10040709 10040753 0.87
10040709 10040845 0.86
10040709 10040864 0.86
10040709 10040754 0.87
10040709 10040809 0.88
10040709 10040873 0.88
10040731 10040817 0.86
10040740 10040754 0.86
10040740 10040809 0.87
10040740 10040811 0.86
10040740 10040753 0.87
10040753 10040833 0.86
10040753 10040776 0.87
10040753 10040775 0.86
10040753 10040808 0.86
10040753 10040754 0.88
10040753 10040864 0.87
10040753 10040809 0.89
10040753 10040873 0.87
10040753 10040811 0.86
10040754 10040809 0.88
10040754 10040776 0.86
10040754 10040864 0.86
10040754 10040808 0.86
10040754 10040811 0.86
10040754 10040873 0.86
10040775 10040846 0.88
10040775 10040825 0.88
10040776 10040833 0.86
10040776 10040808 0.86
10040776 10040864 0.86
10040776 10040809 0.88
10040776 10040873 0.86
10040785 10040809 0.86
10040794 10040809 0.86
10040808 10040809 0.86
10040808 10040873 0.86
10040809 10040864 0.87
10040809 10040823 0.86
10040809 10040873 0.88
10040809 10040867 0.86
10040809 10040833 0.86
10040809 10040811 0.87
10040809 10040845 0.87
10040825 10040846 0.88
10040833 10040845 0.86
10040845 10040873 0.87
10040846 10040851 0.87
10040864 10040867 0.86
10040864 10040873 0.86
10040867 10040873 0.86
10040868 10040873 0.86
